
----------------------------------PROBLEM STATEMENT 3----------------------------------------

                                ** Experiment 1 **

a. ```swapon -s``` command
    
    Filename        Type    Size  Used  Priority
    /dev/dm-1                               partition 839676  74628 -2

b. ```free -mh``` command
      
                     total        used        free      shared  buff/cache   available
    Mem:           863M         96M        695M        6.0M         71M        649M
    Swap:            0B          0B          0B

c. ```vmstat -t 1```

    procs -----------memory---------- ---swap-- -----io---- -system-- ------cpu----- -----timestamp-----
 r  b   swpd   free   buff  cache   si   so    bi    bo   in   cs us sy id wa st                 EDT
 1  0      0 696568      0  85336   25  276   340   280  174  345  0  0 99  1  0 2019-04-20 12:37:19
 0  0      0 696568      0  85336    0    0     0     0   23   24  0  1 99  0  0 2019-04-20 12:37:20
 0  0      0 696568      0  85336    0    0     0     0    7   11  0  0 100  0  0 2019-04-20 12:37:21
 0  0      0 696568      0  85336    0    0     0     0   14   19  0  0 100  0  0 2019-04-20 12:37:22
 0  0      0 696568      0  85336    0    0     0     0   14   26  0  0 100  0  0 2019-04-20 12:37:23
 0  0      0 696412      0  85336    0    0     0     0   36   40  0  1 99  0  0 2019-04-20 12:37:24
 1  0      0 669664      0  85336    0    0     0     0   16   14  1  0 99  0  0 2019-04-20 12:37:25
 0  0      0 593984      0  85336    0    0     0     0   43   24  1  0 99  0  0 2019-04-20 12:37:26
 0  0      0 491368      0  85336    0    0     0     0   43   17  5  0 95  0  0 2019-04-20 12:37:27
 0  0      0 388876      0  85336    0    0     0     0   48   24  3  1 96  0  0 2019-04-20 12:37:28
 0  0      0 286188      0  85336    0    0     0     0   40   18  4  0 96  0  0 2019-04-20 12:37:29
 1  0      0 279796      0  85336    0    0     0     4   28   32  0  0 100  0  0 2019-04-20 12:37:30
 0  0      0 183572      0  85336    0    0     0     0   42   17  4  0 96  0  0 2019-04-20 12:37:31
 0  0      0  80960      0  85336    0    0     0     0   53   23  5  1 93  0  0 2019-04-20 12:37:32
 0  0      0  80960      0  85336    0    0     0     0   13   17  0  0 100  0  0 2019-04-20 12:37:33
 0  0      0  80960      0  85336    0    0     0     0   17   22  0  0 100  0  0 2019-04-20 12:37:34
 0  0      0  80960      0  85336    0    0     0     4   11   18  0  1 99  0  0 2019-04-20 12:37:35
 0  0      0  80960      0  85336    0    0     0     0   14   14  0  0 100  0  0 2019-04-20 12:37:36
 0  0      0  80960      0  85336    0    0     0     0   10   15  0  0 100  0  0 2019-04-20 12:37:37
 0  0      0 696164      0  85336    0    0     0     0   31   33  0  1 99  0  0 2019-04-20 12:37:38
 0  0      0 696196      0  85336    0    0     0     0   13   20  0  0 100  0  0 2019-04-20 12:37:39

 d. iteration 0
    iteration 1
    iteration 2
    iteration 3
    iteration 4
    iteration 5
    iteration 6
    Malloc failure at iteration 6

---------------------------------------------------------------------------------------------------------------------------
                                            ** Experiment 2 **

b. ```free -mh``` command
      
                  total        used        free      shared  buff/cache   available
    Mem:           863M        100M        679M        6.0M         83M        639M
    Swap:          819M          0B        819M

c. ```vmstat -t 1```

    procs -----------memory---------- ---swap-- -----io---- -system-- ------cpu----- -----timestamp-----
 r  b   swpd   free   buff  cache   si   so    bi    bo   in   cs us sy id wa st                 EDT
 2  0      0 696064      4  85328   24  267   329   271  170  335  0  0 99  1  0 2019-04-20 12:39:03
 0  0      0 696040      4  85328    0    0     0     0   40   60  0  0 100  0  0 2019-04-20 12:39:04
 0  0      0 696040      4  85328    0    0     0     4   37   66  0  0 100  0  0 2019-04-20 12:39:05
 0  0      0 696040      4  85328    0    0     0     0   43   67  0  1 99  0  0 2019-04-20 12:39:06
 0  0      0 695892      4  85328    0    0     0     0   47   74  0  0 100  0  0 2019-04-20 12:39:07
 0  0      0 593276      4  85328    0    0     0     0   57   55  4  1 95  0  0 2019-04-20 12:39:08
 0  0      0 490712      4  85328    0    0     0     0   64   59  4  0 96  0  0 2019-04-20 12:39:09
 2  0      0 485252      4  85328    0    0     0     0   37   55  1  0 99  0  0 2019-04-20 12:39:10
 0  0      0 388096      4  85328    0    0     0     0   60   67  3  0 97  0  0 2019-04-20 12:39:11
 0  0      0 285480      4  85328    0    0     0     0   64   64  4  1 95  0  0 2019-04-20 12:39:12
 1  0      0 182928      4  85328    0    0     0     0   57   59  4  0 96  0  0 2019-04-20 12:39:13
 2  0      0  85520      4  85328    0    0     0     0   51   55  3  1 96  0  0 2019-04-20 12:39:14
 0  0      0  80308      4  85328    0    0     0     0   36   62  0  0 100  0  0 2019-04-20 12:39:15
 1  2 136456  47156      0  52576  164 153980  4884 153980  283  210  4  4  1 90  0 2019-04-20 12:39:16
 0  0 153864  79064      0  49244 1148    0  2496     4  195  200  1  1 45 53  0 2019-04-20 12:39:18
 0  1 272640  72448      0  47992   64 118836  4128 118836  245  146  4  5 26 65  0 2019-04-20 12:39:19
 0  1 374868  70608      0  46480   32 102188   544 102192  193  124  5  3  0 92  0 2019-04-20 12:39:20
 0  0 374868  70212      0  39256    0    0   520     0  144  124  4  1 11 83  0 2019-04-20 12:39:21
 0  2 475136  47104      0  50256    0 100872     0 100872  113   80  2  2 85 10  0 2019-04-20 12:39:22
 0  2 534784  47216      0  49548    0 59484   524 59484  163   97  4  4  0 93  0 2019-04-20 12:39:23
 0  0 556544  93712      0  38928    8 21916   192 21916  193  123  1  3 57 39  0 2019-04-20 12:39:24
 0  0 658084  86836      0  45596    0 101496     0 101496  191  117  6  5 62 27  0 2019-04-20 12:39:25
 0  1 732160  47020      0  47932    0 74076     0 74076  132   87  4  3 87  6  0 2019-04-20 12:39:26
 1  0 756480  76156      0  38336    0 24388     0 24388  185   97  1  1 74 23  0 2019-04-20 12:39:27
 0  2 839676  73348      0  39380    0 83492  6604 83492  259  129  3  4 23 70  0 2019-04-20 12:39:28
 0  0 839652  66768      0  45872   60    0  2100     0   71  102  0  0 70 30  0 2019-04-20 12:39:29
 0  0 839652  66768      0  45884    0    0     0     0   32   54  0  1 99  0  0 2019-04-20 12:39:30
 1  1  76528 806756      0  46832  224    0  1168     0   73   96  0  1 57 42  0 2019-04-20 12:39:31
 0  0  76396 806508      0  46828  228    0   228     0   51   76  0  2 56 42  0 2019-04-20 12:39:32

 d. iteration 0
    iteration 1
    iteration 2
    iteration 3
    iteration 4
    iteration 5
    iteration 6
    iteration 7
    iteration 8
    iteration 9
    iteration 10
    iteration 11
    iteration 12
    iteration 13
    iteration 14
    Malloc failure at iteration 14


**Conclusion** : We observed the swapping activity of system in memory pressure. When swap was off, the free memory went down
                  monotonically initially and the saturates at iteration 6.On contrary when swap was switched off, the iterations went to 14 and in vmstat output we can see that swapping activity activates at around iteration 6. After that
                  free memory instead of saturating fluctuates.